4
28
28
22
22
30
30
41
41
93
93
71
71
29
29
35
35
24
24
17
17
101
101
110
110
134
134
320
320
68
68
59
59
80
80
87
87
96
96
173
173
243
243
271
271
375
516
516
63
603
603
375
619
619
375
1067
1261
1261
348
348
260
260
213
213
120
120
150
150
108
108
141
141
76
76
52
52
105
105
121
121
174
174
114
114
194
194
7
7
48
48
61
61
146
146
365
365
344
344
207
207
331
331
288
288
636
636
199
199
12
12
107
107
115
115
179
179
92
92
148
148
170
170
180
180
195
195
187
187
181
181
193
193
206
206
211
211
221
221
239
239
205
205
384
384
377
377
352
352
403
403
527
527
491
491
441
441
401
401
296
296
326
326
300
300
493
493
442
442
495
495
543
543
25
25
420
420
423
423
368
368
559
559
781
781
447
447
407
407
240
240
274
274
316
316
322
322
261
261
131
131
267
267
364
364
323
323
330
330
324
324
332
332
333
333
370
370
314
314
341
341
560
560
592
592
734
734
521
521
435
435
436
436
488
488
478
478
302
302
393
393
345
345
390
390
445
445
507
507
558
558
572
572
612
612
571
571
474
474
515
515
396
396
462
462
229
229
103
293
293
103
715
715
103
410
410
453
453
504
504
378
378
486
486
650
650
501
501
459
459
596
596
604
604
587
587
566
566
598
598
614
614
622
622
611
611
710
710
786
786
705
705
523
523
680
680
754
754
808
808
674
674
763
763
822
822
770
770
712
712
617
617
630
630
682
682
432
432
780
780
768
768
699
699
627
627
664
664
665
665
717
717
718
718
730
730
733
733
799
799
777
777
661
661
740
740
641
641
769
769
936
936
811
811
913
913
902
902
863
863
525
525
430
430
610
610
820
820
848
848
1110
1110
1016
1016
798
798
864
864
449
1050
1050
449
749
749
742
742
773
773
859
859
897
897
956
956
938
938
944
944
832
832
873
873
886
886
821
821
683
683
707
707
702
702
695
695
644
644
645
645
729
729
750
750
880
880
935
935
1033
1033
1487
1487
294
294
6
6
416
416
581
581
677
677
1157
1157
1200
1200
168
168
675
675
813
846
846
1089
1089
1720
1720
1037
1037
888
888
788
788
893
893
964
964
980
980
782
782
833
833
1495
1495
970
970
1014
1014
1009
1009
1057
1057
1121
1121
1028
1028
1139
1139
1141
1141
1243
1243
1076
1076
983
983
1105
1105
1114
1114
1147
1147
1194
1194
802
802
856
856
866
866
868
868
940
940
1070
1070
1173
1173
1054
1054
1182
1182
1287
1287
973
1474
1474
1407
1407
962
962
1064
1064
607
607
933
933
961
961
1151
1627
1627
1151
1198
1198
1015
1015
965
965
1026
1026
1029
1029
1108
1108
1159
1159
1214
1214
1080
1080
1136
1136
1175
1175
1201
1201
1143
1143
1078
1078
1187
1187
1283
1283
1325
1325
1442
1442
1305
1305
1510
1510
1431
1431
1354
1354
1220
1220
1118
1118
1100
1100
1051
1051
697
697
63
375
1221
1621
1621
1189
1189
1113
1113
1266
1266
1039
1039
703
703
643
1245
1245
931
931
1298
1298
1588
1588
1682
1682
1428
1428
1178
1178
1294
1294
1244
1244
1249
1249
1314
1314
1300
1300
1279
1279
1349
1349
1250
1250
1794
1794
1527
1527
1600
1600
1761
1761
1813
1813
1584
1584
1328
1328
1272
1272
1320
1320
1376
1376
1440
1440
1394
1394
1235
1235
1388
1388
1469
1469
1511
1511
1553
1553
1475
1475
1539
1539
1385
1385
1494
1494
1446
1446
1531
1531
1478
1478
1589
1589
1625
1625
1518
1518
1620
1620
1551
1551
1502
1502
1578
1578
1562
1562
1543
1543
1526
1526
1571
1571
1611
1611
1607
1607
1587
1587
1650
1650
1649
1649
1702
1702
1626
1626
1665
1665
1697
1697
1708
1708
1729
1729
1654
1654
1657
1657
1679
1679
1668
1668
1787
1787
1853
1853
1811
1811
1742
1742
1818
1818
1472
1472
1429
1429
1339
1339
1549
1549
1585
1585
1623
1623
1885
1885
1753
1753
1797
1797
1799
1799
1938
1938
1638
1638
1522
1522
1726
1726
1678
1678
1707
1707
1776
1776
1802
1802
1785
1785
1771
1771
1780
1780
1817
1817
1979
1979
1947
1947
1965
1965
1999
1999
1875
1875
1921
1921
1820
1820
1827
1827
1959
1959
1976
1976
1963
1963
1974
1974
1891
1891
1869
1869
1741
1741
1834
1834
1909
1909
1737
1737
1687
1687
1648
1648
1640
1640
266
266
653
1254
1254
1289
1289
1796
1796
1808
1808
1721
1721
1647
1647
1609
1609
1234
1765
1765
1234
1845
1942
1942
1747
1747
839
839
1568
1568
103
1677
1677
1766
1766
1792
1792
1859
1859
1826
1826
1583
1583
1513
1513
653
1532
1532
653
1877
1877
1822
1822
1847
1847
1985
1985
1986
1986
1881
1881
1991
1991
1948
1948
1972
1845
1845
1998
1998
1998
1949
1949
1984
1984
298
643
1944
1712
1712
1685
1685
1819
1819
1932
1932
449
1725
1725
1906
1906
973
1572
1572
973
1993
1993
973
1597
1597
1332
1332
867
1025
1025
867
1161
1218
1218
867
1161
1477
1561
1477
1823
1161
1477
1756
1756
1944
813
813
1334
1317
1334
1443
1317
1317
1334
1443
813
1972
1845
1972
973
1756
1151
1221
1221
1221
