37
159
159
258
258
1535
2107
2107
1483
1483
145
145
557
557
197
197
918
918
939
939
2007
2007
1842
1842
1584
1584
280
280
290
290
328
328
355
355
574
574
736
736
1393
1393
1409
1409
1659
1659
2028
2282
2282
1747
1747
2028
2843
2869
2971
2971
2028
2564
2843
3103
3285
3285
2654
2654
2131
2131
2391
2391
2466
2466
2460
2460
2176
2176
2054
2054
1600
2306
2306
2629
2855
2855
2145
2885
2885
2896
2896
2791
2791
2727
2727
3074
3074
3122
3122
3369
3830
3830
2835
2835
2789
2975
2975
2789
3265
3268
3268
3362
3362
2789
3265
3415
3415
1623
2789
3265
3535
3535
3265
3975
3975
2028
2564
3597
3597
2843
2869
3103
3369
3673
3673
2028
2843
2869
3103
3369
3880
3880
2843
2869
3103
3369
4373
4646
5705
5705
2869
3369
5706
5782
5782
2869
3103
3369
4646
5706
6793
6793
4961
4961
4146
4146
2969
2969
2629
3486
3486
2145
3684
3684
1600
2629
3530
4429
4429
2629
4471
4471
2145
4518
4518
878
1535
2129
2145
3761
4583
4583
2145
3761
5152
5152
1600
2629
5574
5574
1600
2629
3530
5657
5657
2629
5328
5328
5051
5510
5510
5051
5224
5224
2789
3265
6141
6141
3265
5825
5825
2028
2564
5900
6647
6647
1623
2789
3265
5900
6718
6718
1623
2789
3265
6722
6722
3265
5900
6766
6766
2028
2564
5900
6910
6910
2028
5900
6952
6952
2028
3103
3369
5900
7537
7537
2028
2564
3103
5900
7950
7950
2789
3265
7103
7103
2789
3265
6884
6884
5051
5706
6222
6222
5051
6916
6916
2629
6070
6070
1600
2629
6101
6445
6621
6621
1535
1600
2129
2145
3761
5638
5983
5983
2145
3761
5426
6706
6706
1600
2145
3761
6445
6913
6913
5426
7714
7714
2145
3761
5426
7237
7237
878
1535
2129
2145
3761
5268
5268
432
432
238
238
239
239
595
618
618
642
642
665
665
703
703
481
1032
1032
481
1175
1175
878
1269
1269
481
878
1535
2002
2002
481
1380
1380
1047
1047
95
595
974
1190
1190
95
595
974
2025
2025
95
595
974
2350
2350
2154
2154
481
878
1535
2129
2372
2372
878
2569
2569
95
595
974
1439
3422
3849
3950
3950
95
595
974
1439
3422
4367
4367
1680
4465
4465
481
3621
3621
481
878
1535
2129
3943
5327
5327
481
3422
3849
5135
5135
95
595
974
1439
3422
5411
5411
595
3422
3849
5930
5930
481
3849
6944
6944
95
595
974
1439
1680
3422
6320
6320
95
595
974
1439
3422
3849
6515
6515
95
595
974
1439
3422
3849
7285
7285
95
481
595
974
3422
3849
7589
7935
7935
3849
7356
7356
1680
5841
7488
7982
7982
1680
5841
7488
7589
7589
7557
6922
7557
7589
5638
6098
6098
481
878
1535
1600
2129
3530
3761
3943
5638
6087
6653
6653
481
878
1535
1600
2129
2145
3530
3761
3943
5638
6087
7636
7636
481
1535
1600
2129
2228
3530
3761
3943
5638
6087
6101
7889
7889
1535
2129
2145
3761
5638
5841
5841
7488
7557
7589
7589
5841
3943
5638
5841
3422
3849
7589
3422
3849
7589
1439
1680
3422
6922
7488
7557
7589
1439
1680
5841
7488
7557
5841
2129
3530
3943
5638
6087
5841
3849
3849
878
1680
5841
7488
878
1535
2129
5638
5841
878
1680
5841
7488
1439
3422
5841
1680
5841
7488
878
1680
2422
5841
7488
878
1535
2129
3761
5638
5638
7297
7297
1600
2228
2629
3530
6101
6445
7159
7476
7379
7159
7476
7063
7063
7810
7810
2789
3265
5900
5706
7063
5706
7063
6101
6445
7159
7476
6101
6445
7159
7476
5426
5638
5426
6445
7159
6101
6445
7159
7476
3761
5426
5426
5426
5051
5051
5706
4373
4646
4373
4646
5900
5900
5426
3265
5051
5706
5051
5706
5051
5706
5900
5051
5706
5426
5426
6445
7159
2629
3530
6445
7159
2145
5426
2629
2789
2789
3265
2789
3265
5051
5706
5900
4646
3103
3369
4373
4646
2028
2564
2843
3103
5900
5900
5051
5706
3369
5051
5706
2869
3369
5051
5706
2843
2869
3103
3369
4373
4646
5706
2869
3103
3369
5706
2028
2564
2843
3103
4373
4646
2028
2564
5900
5900
5051
5706
5051
5706
7063
5051
7063
2629
5051
2789
3265
5426
2629
2145
5426
2129
2145
3761
5638
7379
5426
2129
2145
3761
5426
7379
