6
282
282
731
731
250
250
340
340
382
382
582
582
607
607
85
85
106
106
86
86
140
140
319
319
337
337
441
441
580
580
874
874
599
599
814
814
889
889
679
679
644
644
779
779
829
829
676
676
262
262
1105
1105
1107
1237
1237
1107
1341
1341
7
7
460
460
79
79
419
419
151
151
249
249
298
298
299
299
212
212
1317
1317
508
508
929
929
690
690
637
637
497
497
691
691
718
718
182
182
717
717
596
596
210
210
498
498
540
540
740
2275
2275
740
2310
2319
3012
3036
3279
3444
3469
3469
740
2922
2922
1176
1176
502
502
561
561
1281
1281
750
1434
1434
750
1824
2514
2514
1258
1258
1068
1068
850
850
792
792
630
630
259
259
677
677
845
845
697
697
931
931
952
952
1144
1144
1234
1234
998
998
1173
1173
1250
1250
986
986
1633
1633
965
965
42
42
313
313
1355
1355
608
608
105
131
131
105
919
919
1099
1099
505
505
101
101
600
600
31
31
234
234
261
261
341
341
440
440
583
583
721
721
1446
1446
899
899
23
23
265
265
521
521
545
545
456
456
1340
1340
1064
1064
1429
1429
999
999
1405
1405
2322
2322
1634
1634
2235
2235
2997
2997
1719
1719
1656
1656
1375
1375
1131
1131
1255
1255
629
629
710
710
16
16
615
615
271
271
228
228
65
65
139
139
1707
1707
1635
1635
344
344
121
121
772
772
1188
1188
1349
1349
1715
1715
406
406
575
575
711
1117
1117
1966
2103
2217
2847
2847
915
1789
1789
711
3125
3125
711
3192
3192
711
3246
3980
3980
711
4081
4081
711
3246
3274
3274
1966
2103
4473
4473
2272
2272
3207
4204
4204
3207
3705
4303
4303
1624
1624
1005
1678
2976
3018
3018
28
28
278
780
1090
1090
738
738
686
686
809
809
1523
1523
1986
1986
1495
1495
1528
1528
1660
1660
2115
2115
2106
2106
2180
2263
2263
2463
2463
2043
2043
934
934
1851
1851
1950
1950
2786
2786
1452
1452
1566
1566
2085
2085
2165
2165
1867
1867
1727
1727
1791
1791
2147
2147
2135
2135
2026
2026
2337
2337
2511
2511
2829
2946
2946
2632
2632
2680
2680
2766
2766
2709
3397
3397
2166
2166
278
780
2945
2945
278
780
2197
3223
3708
4111
4111
2197
2881
3085
4216
4216
2349
2349
2333
2333
3462
3587
3587
3399
3399
3724
3724
3083
3083
2988
2988
2978
2978
2993
2993
3318
3524
3524
3351
4290
4290
3934
3934
3161
3161
1387
1387
1465
1465
2017
2017
2034
2034
2205
2205
2269
2269
3114
3114
2933
2933
2891
2891
105
1021
1418
1418
105
1021
1232
1805
1805
105
890
1021
1232
1850
1850
105
1021
1810
1810
1793
1793
2639
2639
1774
1774
1882
1882
2124
2124
2446
2446
2590
2590
2771
2771
2788
2788
2812
2812
3003
3003
3095
3095
3237
3428
3428
3227
3227
3457
3457
3418
3418
3220
3220
1021
3132
3132
1021
3195
3195
105
1021
1232
3923
3923
3573
3573
3772
3772
3427
3427
3689
3689
3338
3338
3318
4078
4078
2829
3318
3351
4291
4291
3318
3351
4376
4376
3318
3351
4421
4421
3351
5393
5393
3351
3714
3714
2709
3120
4963
4963
2180
2709
3027
3027
2180
2709
3120
3614
3614
2180
3451
3451
2976
3987
4069
4069
2180
4659
4659
4784
4784
2976
4788
4788
2180
2709
3120
4898
4898
3207
3705
4912
4912
3207
3705
4915
4915
3207
3705
4917
4917
3207
3987
4693
4693
915
3987
4763
4763
5119
5119
915
2103
2220
2655
3732
5414
5457
5457
5077
5077
711
3246
4151
4543
5178
6226
6226
711
3246
4151
4543
5178
5816
5816
3207
5524
5828
5828
915
3732
3987
5414
6297
6297
915
2103
2655
3732
5414
6426
6426
915
2103
2220
2655
3732
3987
5414
6446
6446
1966
4747
4747
711
3127
3127
711
1784
1784
1110
1110
24
24
739
739
976
976
1233
1233
1210
1210
947
1076
1076
947
1088
1088
947
1014
1014
136
136
254
254
134
134
330
330
383
430
654
654
614
614
926
926
1023
1023
1051
1051
1211
1211
1733
1733
1299
1299
1531
1531
1695
1695
947
2362
2362
2072
2072
1681
1681
2152
2152
2307
2307
1395
1395
430
1444
1607
1607
430
1614
1614
158
430
2196
2196
430
1444
2240
2547
2547
2120
2120
2299
2299
1136
1136
1546
1546
1213
1213
1391
1391
1981
1981
947
1292
2397
2406
2406
947
1292
2397
2565
2565
947
1292
2397
2399
2399
947
1292
2608
2608
2918
2918
2434
2434
2705
2705
2740
2740
2839
2839
3760
3760
3775
3775
4022
4022
3572
3572
3287
3287
3843
3843
430
1444
2240
3928
4023
4023
4092
4092
4110
4110
4408
4408
3273
3273
3019
3019
2636
2636
1875
2670
2670
564
1401
1461
1543
1585
1585
564
1401
1461
1543
1689
1875
2468
2577
2621
3140
3140
564
1401
1461
1543
1689
1875
2468
2577
3150
3150
564
1401
1461
1543
1689
1875
2468
2577
2621
5142
5142
1543
1689
1875
2468
2577
3749
4732
4732
1875
3435
3435
4360
4360
3149
3149
430
3669
3669
4227
4227
430
4529
4529
4589
4589
4664
4664
4448
4448
4372
4647
4647
947
1292
2397
3244
4525
4525
947
1292
2397
2712
3244
5048
5048
947
1292
2397
3244
4264
4264
4079
4079
4685
4685
5265
5265
4955
4955
4856
4856
5286
5286
430
1444
2240
3928
4808
4808
430
5877
5877
4372
4927
4927
4372
5348
5529
5529
4372
5348
6219
6219
4372
6488
6488
4372
7113
7168
7168
6582
6582
5100
5100
6271
6974
6974
6271
7253
7253
1875
6271
7173
7664
7664
7382
7382
7113
7369
7654
7654
6412
6412
430
6701
6701
430
7034
7034
158
430
1444
2240
3928
5502
5555
5555
5293
5293
5282
5282
6848
6995
6995
6269
6269
947
2397
3244
5325
5325
2397
2712
3304
3304
2712
2973
3387
3387
2217
2868
2973
3527
3527
1972
2658
2658
1972
3589
3636
4209
4209
1972
3612
3612
2397
2712
2973
4669
4669
2217
2712
2868
2973
4728
4728
2217
2973
4888
4888
2973
5070
5070
2973
3636
5398
5642
5642
2712
5651
5701
5892
5892
2973
3636
5475
5651
6306
6306
2217
2868
2973
5398
5651
6042
6945
6945
1972
2973
3636
5475
5651
7064
7064
1972
3246
3589
3636
4543
4983
5475
7505
7505
1972
2973
3636
4543
6042
7745
7745
2217
2868
2973
5398
5651
6042
7756
7756
1972
3636
4983
5475
7584
7584
2712
5701
6634
6634
6453
6453
7292
7292
7436
7436
947
6748
6748
2397
2712
5701
7735
7735
7582
7582
7828
7828
7454
7454
7098
7098
7420
7420
7885
7885
7906
7906
2217
2868
2973
5398
6042
7145
7145
1966
2103
2217
5414
6042
6651
6651
711
3246
4151
4543
6353
6353
711
3246
4151
5178
6533
6594
7148
7148
711
3246
4016
4151
4543
5178
6594
6711
7337
7337
7437
7437
7414
7414
915
1966
2103
2220
2655
3732
5414
7327
7747
7747
915
1966
2103
2220
2655
3732
5414
7327
7974
7974
3207
3705
5178
5524
6533
6594
6696
6895
6895
3207
3705
5312
5312
5695
5695
5024
5024
1005
1678
2976
3790
3987
6274
6274
2180
5194
5194
5323
5323
4319
4319
4336
4336
278
780
2197
3223
3708
5297
5297
278
2197
3085
3223
4412
5720
6161
6161
2197
2881
3085
4412
5396
5396
2881
3085
4412
4698
4698
3462
4582
4582
3462
4026
4026
3462
3630
3630
3744
3744
2422
3809
3809
4147
4147
3907
3907
3835
3835
4391
4391
105
1021
4432
5274
5274
3727
3727
3026
3026
3302
3302
1899
3237
3452
3452
3237
3645
3645
3952
3952
2422
3955
3955
4337
4337
4124
4124
1899
3237
3638
3638
1343
1343
1219
1219
1912
1912
2367
2367
1476
1476
1677
1677
2039
2039
2077
2077
2200
2200
1899
2557
2557
2631
2631
2158
2158
1814
1814
1276
1276
1896
1896
1389
1389
2000
2000
2104
2104
2117
2117
1125
1125
1015
1015
1049
1049
1804
1804
1164
1164
1123
1123
890
1232
1743
1743
1983
1983
890
1779
1943
1943
890
1232
1779
3321
3321
3599
3599
2127
2127
2136
2136
2385
2385
2782
2782
2248
2248
2760
2760
2823
2823
1854
1854
1367
1367
1260
1555
1555
1260
1590
1590
568
568
103
103
643
643
41
41
356
356
21
21
941
941
1156
1156
452
452
504
601
601
504
1060
1060
504
1170
1170
504
1468
1468
504
1472
2671
2671
1245
1245
812
812
962
962
1046
1046
1254
1254
1172
1533
1653
1653
1533
1557
1557
1756
1756
2239
2239
1533
2285
2285
2493
2493
2668
2668
1817
1817
2260
2260
2483
2483
2435
2435
1201
1201
1271
1271
1082
1082
1832
1832
1948
1948
3057
3057
2796
2796
1544
1544
1107
2075
2681
2681
2075
2836
2979
2979
2836
3200
3200
3004
3004
2325
2325
3219
3219
2944
2944
3013
3013
1779
2928
2928
2697
3329
3329
2723
2723
2348
3087
3087
3334
3334
3562
3562
3314
3314
3431
3431
4824
4824
4757
4757
1899
3552
3552
3603
3603
1899
6657
6657
1899
5662
5662
3448
3448
4093
4093
4396
4396
4325
4325
3741
3741
4205
4205
3496
3496
2348
3616
3616
2348
3344
3344
3812
3812
4153
4153
2348
3893
3893
2348
4420
4420
2348
4176
4176
2697
3553
4835
4835
1779
2697
3553
5037
5037
2697
4679
4679
4724
4724
4650
4650
2348
3833
3833
1865
1865
790
790
1172
2055
2055
2684
2684
2765
2765
3478
4100
4100
2849
2849
3813
3813
3829
3829
3838
3838
4502
4502
4169
4169
3403
3403
3306
3306
3201
3201
1406
1406
1501
1501
1824
3221
3221
2298
2298
2630
2630
2649
2649
260
260
414
414
1339
1339
1493
1493
2798
2798
2841
2841
3247
3247
3354
3354
3495
3495
2012
2310
3279
3679
3679
4126
4126
4321
4321
4470
4470
3984
3984
3478
3571
3571
3478
4748
4748
3316
3316
1714
1923
3411
3411
1714
3855
3855
1714
4598
4598
1714
4539
4539
4050
4050
6071
6071
4799
4799
4426
4426
2836
4441
4441
4464
4464
4504
4504
4516
4516
4458
4458
4764
4764
4934
4934
4956
4956
5314
5314
4652
4652
4945
4945
750
4038
4038
750
1824
4087
4103
4103
750
1824
4862
4862
750
1824
5503
5503
750
1824
4087
5563
5563
750
1824
4087
5577
5577
2836
5131
5131
5039
5039
5367
5367
4404
4404
2348
2512
2512
2819
2819
1172
2174
2795
3312
3312
1172
2174
2795
3359
4263
4263
1172
1260
2174
3359
4568
4568
4301
4301
2348
4695
4695
5607
5607
4836
4836
4924
4924
2348
5470
5470
2348
5654
5654
2348
6404
6404
6524
6524
1779
2697
3553
5514
5514
4027
4027
4355
4355
4466
4466
890
1232
1779
2697
3553
5310
5310
890
1232
1779
2697
3553
5677
5677
105
890
1232
1779
5727
5727
105
890
1232
4432
6174
6174
6096
6096
6666
6666
5020
5020
5776
5776
6544
6544
6753
6753
6873
6873
6673
6673
6741
6741
6703
6703
890
1232
1779
6020
6020
890
1779
2697
3553
5794
5794
890
1779
2697
3553
6763
6763
6900
6900
2697
7458
7458
7563
7563
5786
5786
5344
5344
2836
5722
5722
5423
5423
6118
6118
5996
5996
750
5975
6164
6164
1824
6218
6218
6729
6729
1824
6780
6780
6328
6328
6178
6178
4284
4284
3478
4673
4673
3478
6225
6225
5863
5863
5700
5700
1172
2174
2795
3359
5090
5869
6153
6153
5771
5771
2348
6131
6131
2348
6168
6168
6727
6727
6581
6581
6833
6833
7061
7061
7105
7105
7468
7468
6015
6015
6602
6602
6735
6735
6867
6867
6362
6362
2075
2836
6504
6504
7094
7094
1107
2075
2836
4309
7328
7328
4309
7305
7305
7511
7511
1899
6960
6960
7162
7162
7188
7188
1899
3237
4765
4765
1899
3237
5249
5249
4257
4811
4811
2422
4257
5150
5150
5173
5173
4380
4380
5945
5945
6388
6388
3237
7543
7543
6039
6039
5847
5847
105
1021
4432
5763
5763
1021
4402
4402
5257
5257
5287
5287
5204
5204
4363
4363
4314
4314
4883
4883
4769
4769
3462
4735
4735
4503
4503
3462
5572
5572
3462
4891
4891
2881
5395
5395
2881
5543
5543
3462
5876
5876
2881
3085
4412
6511
6511
2881
3085
6342
6342
4790
4790
5351
5351
5326
5326
5440
5440
4330
5482
5482
4330
6166
6166
5854
5854
1021
7111
7111
1021
5988
5988
1021
4432
6816
6816
105
4432
6795
6795
105
1232
4432
6829
6829
105
1232
7392
7392
7330
7330
6872
6872
6110
6110
5466
5466
6247
6247
6359
6359
3462
6408
6408
6024
6024
7210
7210
6846
6846
6472
6472
6367
6367
5999
5999
6564
6564
5924
5924
3318
3351
5246
5443
5443
3351
6258
6258
4449
4449
4737
4737
5017
5017
5537
5537
5963
5963
2709
6121
6121
6167
6167
2180
2709
3120
5756
5756
2180
2709
3120
6811
6811
2180
2709
3120
7304
7304
6296
6296
6476
6476
1678
2976
3987
6608
6962
6962
2976
6608
7099
7099
1678
2976
5569
6608
7166
7166
7655
6339
6339
6417
6417
6936
6936
5720
7374
7374
278
3223
5720
7311
7610
7610
6598
6598
6760
6760
7267
7267
7310
7310
6911
6911
2881
3085
4412
6978
6978
2881
3085
4412
7269
7269
2881
3085
4412
7554
7554
7888
7888
5720
7311
7665
7665
3462
7512
7512
3462
6885
6885
6987
6987
7062
7062
6912
6912
7491
7491
7066
7066
7386
7386
7804
7804
7340
7340
5246
7609
7609
4330
5246
7460
7723
7723
4330
5246
7460
7586
7586
7657
7657
7527
7527
3351
7811
7811
2709
7999
7999
3351
7304
7296
7916
7916
7296
7694
7694
2422
4257
7985
7985
7296
7296
7296
7296
7585
7585
890
7595
7595
7731
7731
105
890
1232
1779
4432
7980
7980
105
890
1232
7823
7823
890
1779
2697
3553
6928
7460
7460
7296
7296
7296
4432
6928
6928
7858
7858
1899
3237
7611
7611
7959
7959
7116
7116
7056
7056
7283
7283
7385
7385
7426
7426
7446
7446
7194
7194
750
756
1107
2075
2836
4087
5975
7278
6858
6858
2348
6847
6847
2348
6785
6785
7375
7375
7497
7497
7683
7683
7040
7040
1172
2174
5090
7021
7021
1172
2174
3359
5029
5029
1172
2174
2795
3359
3734
3734
1533
2931
2931
1533
1772
3261
3261
504
1772
3713
3850
3850
504
1472
1772
2679
2679
1472
2852
2852
2943
2943
3109
3109
3077
3077
4400
4400
4456
4456
2832
4541
4541
4615
4615
2012
2832
3965
5374
5374
2012
2310
3279
3965
5474
5474
2012
2832
3965
5713
5713
2012
2310
3279
3965
5808
5808
2012
2832
3965
5955
5955
4692
4692
1472
3007
5300
5300
504
1472
1772
3007
3713
4048
5762
5762
504
1772
4285
4285
1533
4172
4172
1172
1533
2174
2795
3359
4828
4828
1533
4614
4614
504
1533
1772
6025
6025
1172
1533
2795
3359
5190
5190
1172
2174
2795
3359
5090
5342
5342
1172
2174
2795
3359
5090
5668
5668
4621
4621
3478
4677
4677
4840
4840
5149
5149
3478
6187
6187
3478
6257
6469
6469
6133
6133
5904
5904
6011
6011
5982
5982
5797
5797
4965
4965
4004
4004
740
2319
3012
3036
3711
4512
4512
740
3012
3036
3711
5033
5929
5929
740
1714
1923
3012
6181
6181
740
2319
3012
3036
3711
5033
6360
6360
740
2310
3012
5906
5906
6709
6709
5691
5691
1714
5086
5086
1714
1923
5138
5138
1714
7233
7252
7252
6802
6802
6725
6725
6257
6624
6714
6714
5940
5940
6981
6981
3965
7082
7082
7211
7211
6486
6486
6377
6377
504
6384
6384
6501
6501
6531
6531
1533
1772
6704
7043
7043
504
1533
1772
6704
7359
7809
7809
504
1772
4048
7359
7727
7727
7570
7570
6257
7686
7686
6257
7026
7026
6257
6624
6744
6744
6838
6838
740
3012
6883
6883
740
3012
3036
3711
5033
6770
7365
7365
2012
2310
3279
7526
7526
2012
2310
3965
7295
7295
2012
3965
7628
7628
2012
3965
7761
7761
2012
2310
3279
3965
7601
7601
7092
7092
7508
7508
7580
7580
1714
7233
7435
7435
1824
7233
7496
7496
1824
7197
7197
7286
7286
7549
7549
7614
7614
7886
7886
750
1824
5975
7278
7627
7627
7684
7684
7992
7992
6908
6908
7417
7417
2348
6996
6996
2348
7752
7752
2348
7668
7668
7715
7715
7927
7927
7343
7343
3478
7085
7085
3478
7487
7487
3478
6624
7632
7632
3478
7766
7766
3478
6624
7278
7931
7931
6257
7900
7900
7770
7770
504
1472
3007
3713
4048
7359
7709
7709
1472
3007
7233
7233
7233
6770
7667
6770
5033
6770
7667
6624
6257
6624
6257
6624
5869
5869
5869
6704
6704
7359
6704
5090
5869
6704
7359
7359
3007
3713
4048
7359
4048
7359
6704
6704
5090
5869
5090
5869
5090
5090
5869
3359
5090
5869
5975
7278
5975
7278
5975
7278
5975
7278
5975
7278
4087
5975
7278
7233
7233
7233
7233
7233
6257
6624
6257
6624
3965
5035
3965
2012
3965
2012
3965
2012
3965
7233
7233
7233
3478
6624
6257
6624
3478
6257
6624
2174
3359
5090
5869
3553
3553
4087
2836
4087
3478
6257
6624
3478
6257
6624
6257
6624
6704
5869
6704
2174
2795
3359
5090
5869
3007
3713
4048
7359
1472
1772
3007
3713
4048
7359
1472
1772
3007
3713
4048
7359
1472
1772
3007
3713
4048
7359
1472
3007
3713
4048
7359
2832
6257
1172
2174
5869
1172
2174
2795
3359
5090
5869
3359
5090
3359
5090
3553
2697
3553
1779
3553
1779
3553
2836
4309
4257
6928
7296
4257
7296
7296
7296
5720
7311
7311
5720
7311
6608
5524
6533
6696
7327
7327
7327
5651
6042
5651
5398
5651
6042
5398
5651
6042
5651
5701
3636
4983
5475
4983
5475
6848
3636
4983
5475
5398
5651
6042
7327
5651
5701
5701
6650
6650
947
3244
5348
6493
6493
4372
5348
7427
7427
947
1292
3244
5348
7933
7933
4372
7673
7704
6271
7113
7369
7369
5701
5348
5701
5348
5348
7113
7369
3620
3749
6271
7113
7231
7231
564
1401
1543
1689
1875
2268
2468
2577
2621
3749
5183
5552
5552
564
1401
1543
2268
2468
2577
2621
3620
3749
5183
5907
5907
564
1401
1461
1543
2268
2468
2577
2621
3749
5183
5610
5984
5984
564
1401
1461
1543
1689
2468
2577
2621
5183
5610
7322
7322
564
1401
1461
1543
1689
1875
2468
2577
2621
6271
7173
7492
7492
564
1401
1461
1543
1689
2468
2577
2621
5183
5610
7635
7635
564
1401
1543
1689
1875
2268
2468
2577
2621
3749
5183
6271
7173
7841
7841
1875
2268
2621
3620
3749
5183
6271
7113
7369
6271
7173
7369
5183
6271
7173
7704
5610
6271
7173
6271
7173
3749
5183
5610
6271
7173
1689
1875
2268
2468
2577
2621
3749
5183
6271
7173
3749
6271
7113
7369
4372
5348
6848
7673
4372
5348
3244
5348
2712
3244
5348
5701
2712
5701
2712
5701
2397
2712
2973
5651
5701
2397
2712
5701
2397
2712
5701
1972
3589
3636
4983
5475
6848
3928
5502
2240
3928
3928
2240
3928
7113
7369
4372
3244
4372
5348
3244
5348
4372
5348
4372
1875
6271
1444
2240
3834
3928
7113
7369
4372
7113
7369
4372
3244
4372
5348
1292
3244
5348
5348
1972
3589
3636
4983
5475
6848
1972
3589
3636
4983
5475
6848
1972
3246
3589
3636
4543
4983
5475
6711
3246
4543
6711
7327
6533
6696
6594
6711
6594
6711
5524
6533
6696
5524
6533
6696
5524
6533
7304
6608
7304
3120
7304
7304
5246
5246
4330
5246
7460
4330
5246
7460
4432
6928
4432
6928
4432
6928
4432
6928
4432
6928
4432
6928
4330
7460
4330
5246
7460
7460
2829
4330
5246
7460
4330
5246
7460
3351
3318
5246
2881
3462
2881
3085
4412
4412
5720
7311
5720
7311
7655
3223
5720
7655
3318
3351
3318
3351
4330
5246
7460
3351
3351
3318
3351
3462
2881
3462
2881
3085
4412
3085
4412
5720
7311
3085
4412
5720
7311
2709
3120
7304
2180
2709
3120
2180
2709
3120
7304
2180
2709
3120
7304
3351
3318
3351
3223
3708
5720
7311
7655
278
780
1005
1678
2976
3223
5569
6608
7655
3790
3987
6608
2976
3987
5524
6533
6594
6696
5414
7327
4543
4151
5178
6533
6594
6696
4016
4151
4543
5178
6594
6711
3246
4151
4543
5178
6594
6711
3246
4151
4543
6594
6711
2103
5414
7327
2868
5398
6042
7327
3246
4543
6042
711
3246
4151
4543
6711
711
3246
4151
4543
5178
6594
6711
3207
5178
5524
6533
6594
6696
915
2103
2220
2655
3732
3987
5414
915
3732
3987
5414
3207
3705
5524
6533
2180
3207
3705
5524
6533
6696
2180
2709
3120
3705
7304
2976
2180
2709
3120
2709
3318
5246
7296
7296
4257
1899
3237
4257
3237
3237
7296
7296
3462
7296
3462
7296
3462
2881
3085
4412
2881
3085
4412
2881
3085
4412
3318
4330
5246
7460
3318
4330
5246
7460
4330
7460
1021
4432
6928
1021
4432
6928
1779
2697
3553
4087
5975
7278
1824
5975
7278
7233
1824
7233
7233
1714
7233
3012
3036
3711
5033
6770
7667
3711
5033
5035
6770
7667
2310
2319
3012
3036
3279
3711
5033
5035
6770
7667
740
2310
2319
3012
3036
3279
3444
3711
5033
5035
6770
7667
740
1714
1923
3012
3012
6624
1824
7278
750
1824
2836
4087
5975
7278
2075
2836
4087
2075
2836
1107
2075
2836
4309
4309
1899
3237
1899
3237
1899
3237
3237
4257
4257
1899
3237
1899
4309
4309
4309
2836
4087
