266
350
1295
1837
2324
2497
2549
3040
3040
350
1295
2324
2497
2549
2797
3112
3389
3817
4083
4083
350
492
1104
1295
2324
2495
2497
2549
2797
3112
3389
3817
4272
4623
5109
5447
5725
6137
6240
6441
6828
6828
492
1104
1295
1837
2324
2497
3017
3112
3389
3817
5109
5725
6137
6240
6290
6441
7413
7634
7634
350
492
1104
2324
2344
2495
2497
2549
2797
3112
3389
3817
4272
5447
6137
6240
6441
6558
7314
7550
7785
7550
7785
4272
4623
5109
5447
5725
6137
6240
6441
7550
7785
3112
3389
3817
4272
4623
5109
5447
5725
6137
6240
6290
6441
7550
7785
