3
418
418
161
161
572
572
945
945
1147
1147
1178
1178
839
839
1122
1122
1622
1622
1821
1821
2014
2014
1937
1937
279
279
87
87
116
116
20
20
371
371
733
733
202
202
325
325
222
222
385
385
111
111
168
168
198
388
388
1366
1366
1759
1759
938
938
548
548
33
33
708
708
773
773
827
827
674
674
853
853
104
104
164
164
1249
1249
2006
2006
1790
1790
300
300
531
531
992
1067
1067
689
689
376
376
634
634
972
972
992
1256
1256
992
1975
1975
1627
1627
1857
1857
2364
2364
2004
2004
586
586
2167
2167
819
819
785
785
128
128
130
130
1044
1044
55
1075
1075
1197
1197
1652
1652
124
124
165
165
171
171
480
480
1412
1412
653
653
195
195
778
1129
1319
1319
778
1593
2462
2462
2687
2687
1116
1116
170
170
268
268
449
449
493
493
1337
1337
1003
1003
778
789
789
778
1146
1146
778
2287
2287
3037
3037
2338
2338
621
621
743
743
237
237
347
347
175
175
520
520
852
852
802
802
52
52
69
69
247
247
1009
1009
807
807
1414
1492
1492
2484
2484
1186
1186
1029
1029
1018
1018
174
174
515
515
755
849
849
77
77
45
1034
1034
329
329
117
117
45
598
598
173
173
979
979
1109
1109
1124
1124
1246
1246
1243
1243
755
1332
1332
755
2274
2316
2392
2392
755
2579
2579
1252
1252
1413
1413
1558
1558
1294
1422
1422
1294
1713
1713
1294
2016
2016
1294
2238
2238
2186
2186
1962
1962
672
672
25
392
392
422
1143
1143
25
422
1017
1017
25
317
317
968
968
25
1112
1112
25
1202
1530
1636
2116
2116
25
422
1522
1530
1636
1906
1906
25
422
1522
1855
2361
2361
25
422
1530
1636
2721
2721
25
422
1522
1855
3788
3788
1522
1855
3350
3350
755
1855
3419
3419
755
1631
1631
45
1637
1637
45
2198
2270
2270
1603
2160
2160
1294
1603
2386
2386
2924
2924
3754
3754
1522
1855
3937
3937
755
4427
4427
755
5837
5837
1522
1855
4658
5160
5160
4014
4014
4282
4282
422
3908
3908
25
422
1530
1636
2142
2142
1202
1399
1399
1202
1308
3514
3514
1202
1308
2083
2083
1907
1907
1550
1550
1414
1577
1577
1766
1766
1414
2830
2830
3228
3228
3117
3117
2339
2339
1358
1358
1686
2233
2859
2859
594
594
73
73
925
925
991
991
11
11
625
625
1016
1016
1427
1427
1994
1994
1488
1488
1596
1596
1746
1746
2280
2280
2184
2907
2909
2909
2099
2099
2566
2566
2678
2678
3266
3266
778
3417
3417
778
1593
2717
2951
2951
2917
2917
2525
2525
2991
2991
1720
1720
2163
2163
1402
1402
2009
2009
205
205
590
590
626
626
969
969
109
109
935
935
1333
1442
1442
2476
2476
891
891
339
339
893
893
964
964
351
351
996
996
791
791
1007
1007
1551
1551
1510
1510
1951
1951
1993
1993
2193
2193
632
632
873
873
955
955
433
433
448
448
1474
1519
1519
1655
1655
1820
1820
305
1863
1863
305
1887
2571
2890
2890
2351
2351
1693
1693
115
115
443
443
2900
3484
3484
361
361
872
872
48
366
765
765
1306
1306
408
1411
1696
2817
2817
408
1411
1506
1506
1489
1489
1055
1055
1241
1241
177
177
942
1564
1564
662
662
494
494
307
307
696
696
754
754
760
760
4
4
464
464
120
120
169
169
216
216
957
1057
1057
1174
1174
623
623
805
805
2250
2378
2583
2583
930
963
963
1181
1268
1268
1856
1856
570
570
1150
1150
882
1886
1886
2457
2457
882
2345
2888
3301
3301
1050
2494
2888
4262
4262
2888
3717
3717
2532
2532
2179
2179
1181
1888
1888
1080
2443
2443
2623
2623
2977
2977
2387
2387
2140
2140
1728
1728
2694
2900
3051
3051
48
366
1411
1696
3526
3526
48
366
1411
1696
3768
3768
48
366
1411
1696
4931
5200
5200
48
366
1696
2776
4911
4911
48
1080
3837
3837
3413
3413
3080
3080
1080
3807
3807
1080
3900
4439
4625
4826
4892
5439
5439
1080
3631
3631
1181
3871
3871
1181
4662
4662
4241
4241
2674
2674
2800
3229
3229
2800
3737
3737
1517
1517
74
74
1606
1606
2345
3797
3797
882
2345
4550
4559
4559
2345
4880
4880
1419
1419
70
500
957
1969
1969
1615
2615
2615
1615
3210
3210
4188
4188
957
3242
3688
4259
5191
5191
5004
5004
2345
4550
5416
5416
4619
4619
5542
5542
2378
2800
2846
3328
4802
5038
5902
5902
5736
5736
5500
5500
5838
5838
2345
5935
5935
6186
6186
4259
6217
6217
4259
6277
6277
5038
6300
6300
2800
5038
6293
6293
2250
2800
5331
5331
5401
5401
1181
1841
2224
5532
5532
5731
5731
4294
4294
942
4074
4074
942
2694
4519
4793
4793
942
1704
2494
2515
4519
5164
5449
5681
5681
882
1050
2494
2888
4974
4974
2494
2888
5887
5887
882
1050
2241
2494
2888
4550
5277
5449
5819
5856
6560
6875
6875
2494
2888
5277
7151
7151
2888
6018
6018
5164
5648
5648
3900
5947
5947
3900
6315
6804
6804
1080
4439
4625
4892
5680
5680
682
1080
4439
4625
4826
4892
5874
6776
6902
6902
1080
3900
4625
4892
5874
6315
6923
6923
3900
6315
7335
7335
1080
3900
6315
7240
7240
48
366
3900
4931
5619
5619
48
366
1696
3900
4931
5428
5557
5557
3752
3752
2150
2694
2900
3971
3971
2114
2114
3388
3388
2231
2231
2192
2192
1462
1974
1974
844
1462
2084
2567
2567
1786
1786
1416
1416
305
1864
1864
305
1313
1313
305
1586
1586
1873
1873
2534
2534
2666
2666
1048
1048
954
1103
1126
1126
954
1103
1322
1322
954
1103
2203
2203
2644
2644
2585
2585
1604
1604
2276
2276
1129
1333
2572
2572
1129
1333
2915
2915
1333
2880
2880
2626
2626
2249
2249
1668
1668
857
857
1263
1263
1525
1525
1608
1608
1771
1771
1691
1691
1011
1011
1740
1740
716
716
226
226
1195
1195
1893
1893
208
208
810
1114
1114
810
844
1024
1264
1484
1500
1628
2601
2719
2719
810
1264
1484
1500
1628
1829
1829
1562
2031
2031
2303
2303
1562
2555
2555
198
1079
1079
198
2037
2037
198
2156
2427
2427
2470
2470
198
2156
3596
3596
198
2156
3421
3421
3255
3255
2584
2584
2213
2213
728
2335
2335
728
2194
2194
2685
2685
728
2541
2827
2827
3238
3238
992
3384
3384
2541
3728
3728
4041
4041
3289
3289
2531
2531
3475
3475
3911
3911
2956
2956
1870
1870
2183
2183
1973
1973
2432
2432
2498
2498
2927
2927
3172
3172
3601
3601
2111
2111
2105
2105
2408
2408
3029
3029
3226
3226
3492
3825
3825
3253
3253
3671
3671
4064
4064
4152
4152
2610
2610
2783
2783
2883
2883
2447
2447
2720
2743
2743
2720
3008
3008
728
2720
3477
3477
728
2541
3944
4125
4384
4384
728
2541
3944
5319
5319
2541
4306
4306
992
3290
3290
992
3840
3840
992
3957
3957
3986
3986
4047
4047
4243
4243
992
4949
4949
5009
5009
992
5185
5185
5231
5231
4580
5559
5559
4580
5658
5658
5591
5591
992
5471
5471
5217
5217
4020
4020
4254
4254
4666
4666
4815
4815
5664
5664
4062
4062
4446
4446
4553
4553
4723
4723
6303
6303
7017
7017
7163
7163
5796
5796
6459
6459
2156
4288
5885
5934
5934
198
2156
3565
4288
4580
5885
6006
6006
198
2156
4288
5015
5015
2616
2616
1264
1500
2698
4000
4000
1264
1500
3888
3888
5102
5102
1264
4506
4506
810
1264
1500
1628
4510
4510
1264
2999
2999
2546
2546
2848
2848
3969
3969
305
1887
4399
4399
4305
4305
2084
3579
4491
4491
4982
4982
966
966
267
267
60
60
469
469
726
726
562
562
838
838
631
684
684
769
769
631
928
928
1053
1053
1704
1834
1834
585
631
1704
2241
2515
2703
2987
2987
1704
1971
1971
1618
1618
631
1956
1956
766
766
1462
1917
1917
2128
2138
2229
2229
1704
2128
2138
2150
2757
2757
3144
3144
1704
2515
3736
3736
631
2068
2068
631
3099
3099
3124
3124
3148
3148
3157
3157
844
1024
1462
1628
2084
3668
3668
1024
3860
4201
4201
631
3250
3860
4224
6386
6386
631
3250
4385
4385
585
631
1704
2515
4617
4617
5082
5082
2128
2138
2150
3655
3655
2128
2138
3815
3815
2872
2872
2617
2676
2676
880
2500
2500
880
2617
3281
3281
2617
3544
3544
305
1887
2571
3634
3634
880
2617
3648
3648
305
1887
2327
2327
305
1887
2571
2662
2662
2805
2805
2816
2816
3049
3049
3145
3145
2772
2772
1371
1371
954
1103
2861
2861
954
1103
2597
2663
2663
3030
3030
3691
3691
954
1103
2597
3755
3755
954
1103
2597
2981
3832
3832
954
1103
2597
3205
3205
4328
4328
954
1103
2597
4060
4060
954
1103
2597
3557
3912
4056
4056
954
1103
2981
3134
3134
2981
3919
3978
3978
4028
4028
2981
3912
3919
4053
4053
2981
3386
3386
1474
3710
4200
4200
3919
5106
5106
2981
3919
4874
4874
4212
4212
305
1887
2571
4865
4865
305
1887
2571
5130
5130
3919
6140
6140
3919
6170
6272
6272
6205
6205
305
1887
2571
4371
4371
4219
4219
880
1474
2617
3208
3208
408
880
2617
3801
4726
4726
880
2617
4905
4905
880
2617
5486
5486
880
1474
3710
4406
5895
5895
5279
5279
4260
4260
4877
4877
5490
5490
2617
3995
3995
2694
2900
5764
5764
48
2694
4931
6128
6128
6190
6190
366
408
1411
1696
5307
5428
5579
6324
6324
48
366
1411
1696
2776
4931
5428
7239
7239
48
2694
4931
6471
6471
2150
2694
2900
6203
6203
2150
2694
2900
4519
5164
7077
7077
942
2694
4519
5164
6599
7416
7892
7892
942
1704
2128
2150
2515
4519
5164
5263
5819
5856
6599
7106
7106
942
1704
2515
4519
5449
5749
5749
1704
5789
5789
6126
6126
5488
5488
844
1462
2084
3661
3661
4792
4792
844
1462
2084
3579
4938
5427
5427
3579
5206
5206
5171
5171
5349
5349
5388
5388
5630
5630
6500
6500
5567
5567
2084
3579
5871
5871
6198
6198
4719
4719
4738
4738
5424
5424
5453
5453
5884
5884
5159
5159
6177
6177
6263
6263
6312
6312
6659
6659
5177
5177
6113
6113
2698
4534
4534
810
1264
1484
1500
2698
4762
4762
810
1484
1500
1562
2698
5478
5582
6221
6245
6250
6403
6403
198
1562
2698
3565
5582
6250
6465
6537
6537
1484
1500
1562
2698
5582
6221
6245
6250
6465
7005
7005
1264
1500
7384
7384
6971
6971
6759
6759
7263
7263
7691
7691
7517
7517
6641
6641
7567
7567
992
5519
5519
992
5045
5784
5784
992
6919
6919
992
5045
7068
7068
7256
7256
5448
5448
4889
4889
3492
3920
5452
5452
3492
3920
4545
4545
4326
4326
4352
4352
4481
4481
4893
4893
954
1103
2597
2981
3912
5115
5115
5516
5516
5618
5618
5181
5181
5180
5180
5283
5283
4690
4690
3964
3964
3492
3615
3615
3060
3060
3742
3742
3541
4939
4939
3039
3039
3052
3052
2184
2907
3345
3345
3538
3538
3932
3932
3439
3439
3046
3046
3234
3234
3765
3765
4814
4814
4217
4217
4424
4424
5076
5076
4830
4830
778
1129
2717
2748
5089
5179
5179
5188
5188
5383
5383
5078
5078
5273
5273
2730
2730
2277
2277
2528
3225
3225
2528
3692
3692
2528
3731
3731
2528
4040
4040
4045
4206
4206
2184
2528
4045
4586
4586
2528
4045
4631
4631
2184
2907
4758
4758
1414
2184
2233
3564
3564
1686
2233
2962
2962
1414
3275
3275
3494
3494
3531
3531
4071
4071
4944
4944
4754
4754
4523
4523
4777
4777
3635
3635
3697
3697
1202
1636
4440
4440
1202
4797
4797
1202
1308
1636
5189
5189
3331
3331
3378
3378
1414
4248
4248
5243
5243
4113
4113
2907
4896
4896
5019
5019
3591
3591
1308
2430
4729
4807
4807
4729
5072
5072
778
1593
2717
4729
5800
5824
6310
6310
1308
2430
4729
5615
5615
1308
5558
5558
6033
6033
5299
5299
5473
5473
5324
5643
5643
5665
5665
5688
5688
6215
6215
778
6242
6242
6563
6563
5969
5969
5538
5538
5302
5302
3492
4341
4341
3492
4088
4088
4548
4548
4845
4845
5581
5581
5092
5092
4885
4885
4882
4882
1333
3867
3942
4952
5089
5195
5195
1333
3942
5366
5844
5923
7276
7499
7499
5303
5303
5730
5730
5896
5896
5081
5081
5585
5585
5041
5041
5518
5518
6467
6467
6539
6539
6261
6261
6023
6023
6351
6351
305
1887
2571
6614
6614
6427
6427
6592
6592
6942
6942
6950
6950
1462
2084
3579
5970
5970
844
1462
1628
2084
3579
4938
6790
7260
7260
7224
7224
7556
7556
7600
7600
7364
7364
2128
2138
5263
7133
7133
7329
7329
6448
6448
631
2703
3250
3860
6596
6596
585
631
2703
3250
6954
6954
585
631
2703
3250
7698
7698
585
631
2703
3250
3860
7475
7475
7372
7372
7642
7642
7853
7853
2128
2138
2150
5263
7167
7167
2128
2138
2150
2900
5263
5679
5679
5712
5712
5860
5860
305
1887
2571
6109
6109
6332
6332
2617
5908
5908
2617
6191
6191
2900
7143
7143
408
3801
5307
5579
6568
7003
7626
7626
7719
7719
48
366
1411
1696
4931
5428
7765
7765
408
1411
2617
3801
5307
5579
6568
7003
7355
7514
7514
7355
6857
6857
880
2617
6000
7608
7608
880
2617
3801
6568
7930
7930
880
1474
3710
4406
6000
7355
7355
7313
7313
305
1887
2571
6344
6344
7013
7013
2981
6295
6295
7199
7199
1103
2981
3912
7503
7503
7669
7669
6333
6333
5560
5560
4996
4996
5620
5620
6201
6201
6615
6615
6587
6587
6859
6859
7071
7071
7878
7878
6980
6980
305
1887
2571
7096
7096
2571
7821
7821
7757
7757
7441
7441
7445
7445
7553
7553
7345
7345
5659
6768
6768
5659
6019
6019
6774
6774
4733
5844
7171
7171
7649
7649
7675
7675
7971
7971
7822
7822
6185
6185
5515
5515
5602
5602
5716
5716
5872
5872
5659
6613
6613
6807
6807
7902
7902
6163
6163
6366
6366
5684
5684
5761
5761
2184
5494
5494
2184
5172
5172
2528
4045
5241
6844
6844
55
3541
5241
6644
6644
55
3541
3782
3782
55
2720
3333
3333
55
2720
3541
4125
4558
4639
5392
5669
5669
55
2720
3541
4125
4558
6519
6803
6868
7054
7271
7271
55
3541
6157
6157
7123
7123
7651
7651
3541
7808
7808
2720
3541
7941
7941
5134
7865
7865
7262
7262
7515
7515
7541
7541
6611
6611
6671
6671
6739
6739
6994
6994
6405
6405
6734
6734
7079
7079
6631
6631
4729
5800
5824
6252
6525
6525
1202
1308
5292
5292
1202
6022
6022
1202
1308
6550
6550
6397
6397
6414
6414
6002
6002
25
422
6283
6283
25
422
1530
1636
3153
7181
7223
7223
25
422
1530
1636
3153
7181
6545
6545
5046
5046
4368
4368
4120
4120
2491
2491
1603
1929
3270
3270
1294
3581
3581
1294
1603
4841
4841
1603
1929
4351
4351
1603
1929
2548
3954
3954
2638
2638
755
2198
2274
2316
3372
3372
45
2198
2316
3625
3647
3647
45
2198
3625
3676
3676
45
2198
3625
4810
4818
4818
45
2198
2548
3625
5472
5855
5855
45
2548
3625
5472
6299
6299
45
2198
3625
4810
5472
6687
6687
45
2548
3625
5472
6719
7020
7020
45
2548
3625
5472
6719
7390
7398
7398
45
2548
3625
5472
6719
7390
7390
6719
6719
7390
6719
5472
6435
6719
5472
6719
4810
5472
6435
6719
3625
4810
5472
6435
6719
7504
7583
3625
5085
5085
1603
1929
5222
5222
1294
1603
4362
4362
4767
4767
5264
5264
1294
5308
5308
5826
5826
5355
5355
6574
6574
755
1855
5965
5965
755
1855
5629
6086
6089
6152
7104
7104
755
1855
5629
6588
6588
1855
7255
7255
7399
7399
6606
6606
5835
5835
1294
5729
5729
1603
1929
6073
6073
1603
6298
6298
1294
6612
6612
1294
6949
6949
1294
6843
6843
7558
7558
1294
1603
7153
7153
2648
3595
4922
5409
5409
2648
3595
4922
5379
5379
4364
4364
2233
3733
3733
1686
2233
3303
3303
1686
1961
2233
3089
4189
6674
6769
6903
6903
2233
2528
7114
7132
7132
2528
4045
5241
7019
7019
2528
4045
5241
7177
7177
2184
7370
7370
2528
4045
5241
7411
7411
2233
2528
4045
7114
7961
7439
7439
2184
2907
6336
6336
1414
2184
2907
7227
7227
1414
2184
2907
5536
5536
1414
2184
2233
2907
5744
5744
1414
2907
5234
5234
5636
5636
6710
6710
5960
6938
6938
5960
6940
6940
5960
6675
6675
1414
5751
5751
7008
7008
7242
7242
1414
7325
7325
1414
2907
7679
7679
1414
2907
7102
7102
6824
6824
1308
6901
6901
7212
7212
5800
6989
7722
7722
2430
4729
5800
5824
6252
6989
7732
7825
7825
1202
1308
2430
5800
5824
6252
7728
7728
1202
1308
6252
7680
7680
7837
7837
7877
7877
422
1855
4658
7459
7459
7490
7490
7788
7788
3595
4922
5960
7596
7596
1686
2233
7114
7660
7961
7114
7406
7660
7961
7114
7406
7660
7961
7114
7660
7961
5960
5960
7390
7390
6719
7390
7390
5097
7390
5800
6252
6989
6989
6803
6868
7054
6519
6522
6803
6868
6924
7054
7690
7988
7988
728
2720
3492
3920
4125
4558
5508
5508
728
3944
5905
5905
2720
3492
3920
4558
5134
5809
6522
6189
6189
2541
3944
6482
6482
728
2541
3944
4125
4558
6522
7272
7690
7739
7739
728
2541
3944
7862
7862
728
2541
3944
7272
7690
7894
7894
728
2541
3944
7897
7897
2541
6522
7690
5809
6522
7690
3461
3541
4125
4558
4639
5392
6081
6519
6522
6803
6868
6924
7054
7690
6803
7054
6803
7054
7412
7412
5134
5659
5659
7993
7993
5659
7395
7395
305
1887
2571
7355
7355
7910
7910
7910
7910
7561
6790
7561
7868
7868
7401
7401
7599
7599
1264
7682
7682
7758
7943
7943
1264
1500
5478
7758
7967
7967
6738
6738
198
2156
2698
3565
4288
5885
6169
6465
7048
7620
7620
7724
7724
7758
7758
7758
7758
5844
7746
7746
1333
3867
3942
5238
5366
5844
5923
7276
7753
7753
1333
3867
3942
5238
5366
5844
5923
7276
5238
5366
5923
7276
7431
7536
5923
5659
5134
5659
5134
5809
5134
6485
5800
5824
6252
6485
6989
7732
5800
6989
7732
5800
5824
6252
7181
5960
5960
5960
5960
3089
6769
7114
7660
7961
7114
7961
5241
4045
5241
4045
5241
4045
5241
4045
5241
2528
4045
5241
5324
6236
6485
7536
7936
7536
3492
5134
3920
5134
5809
5659
5134
5809
5809
7048
7048
5478
5582
6250
5582
7758
7758
7758
7758
6790
7561
7561
6790
7561
4938
5819
6560
6599
7687
7687
942
1704
2128
2138
2150
2515
4519
5263
5819
6560
6599
7976
7976
7976
7976
7976
7003
6315
7355
7355
7355
6000
6000
5307
5579
6568
7003
3710
4406
6000
6170
6170
4406
6000
6170
3919
6170
7838
7838
3912
3919
7838
4733
4733
4733
5844
4733
3912
3912
4733
3557
4733
2981
3912
2571
2617
3801
6568
2900
7355
5263
7355
7910
5263
7910
5449
7299
7919
4224
5110
7299
7919
4938
5110
5747
5747
810
844
1024
1264
1462
1484
1500
1628
2601
4938
5110
5478
6061
6245
6250
7299
7919
7299
7919
3860
4224
5110
7299
7919
3860
4224
5110
7299
7919
3860
4224
7299
7919
3250
3860
4224
7299
3250
4519
5263
6599
7910
7976
5263
7910
2084
4938
3250
3860
4224
2515
5449
5766
6560
2515
5449
5819
6560
3250
3860
4224
3250
3860
4224
7299
7919
2703
3250
3860
1704
2515
844
1462
4938
7299
844
1462
2084
3579
4938
7561
2128
2138
5263
7910
7355
7910
6790
7561
7561
3579
6790
7561
3579
6790
7561
7758
5478
6790
7758
7758
7758
5478
7758
5478
5582
6169
6169
6929
6169
6929
5885
6169
6929
6929
4558
6522
7272
7690
3920
3944
4125
4558
6522
7690
3492
3920
4125
4558
5134
5809
6522
7690
3541
4558
5659
5659
5659
5659
3920
5134
5809
3944
3492
3920
4558
5809
6522
2541
3944
4125
4558
6522
7272
7690
2541
3944
7272
7690
2541
4288
4580
5885
6169
6929
4288
4580
5885
6169
6929
4288
4580
5885
6169
6929
2156
2698
3565
4288
4580
5885
6169
6465
6929
7048
1562
2156
2698
3565
4288
5582
6169
6465
7048
2698
5582
6465
7048
2698
5582
6465
7048
5478
6245
6250
5010
5110
5478
6061
6221
6245
6250
7299
1264
1484
1500
1628
5478
6245
6250
2698
5582
6465
7758
7758
3920
5809
5134
5659
5809
5659
5923
3867
3942
5089
5238
5923
7536
3867
3942
4952
5089
5238
5923
7431
7536
3867
3942
4952
5089
5238
5324
7431
7536
3867
3942
5089
5238
7431
7536
5659
2597
3557
4733
2597
3912
4733
2981
3912
3919
7838
2981
3912
3919
7838
3919
6170
3919
6170
2981
1887
2571
1887
2571
1887
2571
3579
4938
6790
7561
2084
3579
6790
7561
7355
7910
7355
7910
2128
2138
2150
2900
5263
7355
7910
6315
6315
7428
7428
1080
3900
4625
4892
5874
6315
7416
7904
7904
6278
6278
6005
6005
1181
1841
2250
6369
6369
2250
2800
6449
6449
6855
6855
6921
6921
930
1181
1841
2250
6959
6959
1181
4892
7539
7692
7692
7091
7091
2800
5038
7518
7518
7647
7647
7952
7952
2888
4550
5277
7423
7423
882
2345
4550
4923
7108
7410
7410
882
2345
4550
4923
5839
7108
7440
7440
6712
6712
70
957
6402
6402
70
957
2024
2024
940
940
1180
1226
1440
1995
2605
2605
1180
1615
1938
2607
3379
3379
1180
1226
1440
1995
2146
2607
3549
3875
3875
1180
1226
1440
1995
2146
2607
3549
3898
3948
4185
4185
1180
1995
2607
3688
3948
4401
4401
1440
1995
2607
3242
3688
4435
4435
1180
1440
1995
2607
3688
3948
4852
5346
5346
957
2607
3242
3688
4259
6079
6399
6399
1180
2607
3688
3948
4198
4852
5377
5661
5661
1180
1226
1440
1995
2146
2607
3549
3898
3948
5377
5404
6036
6689
7254
7705
7705
1180
1226
1440
1995
2607
3898
3948
5377
6036
6079
6836
7254
7940
6836
7875
7932
7940
6836
6970
6970
957
1615
3242
3688
4259
6593
6593
4259
6638
6638
70
957
3242
3688
4259
6492
6788
6788
7307
7307
7932
7932
7940
7932
7940
5377
6079
6836
7932
7940
6036
6079
7254
7932
7940
5377
6079
6836
7932
7940
5377
6036
6079
6689
6836
7254
7940
3898
3948
5377
5404
6036
6689
7254
3948
4198
4852
5377
6836
7875
7940
2607
3549
3898
3948
4198
4852
5377
6689
6836
7254
7940
957
1180
2607
3242
3688
3948
6079
6836
7932
7940
3242
3688
4259
7932
7940
6492
7969
7969
7484
7484
882
1050
2345
2494
2888
4550
4923
5277
7969
7539
7539
7539
7416
7027
5874
7416
6315
7416
7416
7416
5277
5449
5819
5856
6560
5819
5856
6560
6599
7416
7976
5164
7416
7976
5164
5856
7416
7416
7539
7539
7108
7969
5839
7969
7108
7969
7969
7932
4259
3688
4259
7932
3688
4259
5094
7932
3242
3688
4259
6492
7932
4923
5839
7108
7969
4923
5839
7108
7969
4550
4923
5839
7108
7969
2345
5839
7108
7969
2345
7969
5038
5038
4439
4625
4892
5874
5874
7027
3900
4439
4625
4826
4892
5874
3900
6315
3900
5164
6315
7416
3900
4931
6315
4931
5428
5428
4931
5428
4931
5428
2150
2694
2900
4519
5164
6599
7976
5164
6315
7416
5164
7416
3900
4439
4892
5874
5277
5856
4550
5277
2345
2888
4550
4923
5277
7108
7969
2888
7416
1841
7539
1181
1841
2250
2800
5038
5296
5296
240
240
2092
2092
571
1251
1639
2073
2139
2139
571
1251
1639
2331
2331
3328
3442
3442
571
1251
1639
2573
2573
930
1861
2073
2683
2683
1861
2073
3398
3474
3474
571
1251
1639
3328
4356
4682
4706
4739
4802
5253
5253
815
930
1841
1861
2073
2250
3398
4356
4682
4706
5399
6372
6372
930
1861
2250
3328
3398
4356
4682
4706
4802
5997
5997
2846
3328
4682
4739
4802
5531
5777
6035
6035
1938
2378
2846
3328
4682
4739
4802
5094
5531
5777
6093
6093
2473
2726
2726
924
1438
1438
1884
1884
63
2278
2278
871
1148
1148
871
1663
1760
1760
871
1785
1785
871
1931
1945
2475
2475
1891
1891
348
348
1424
1424
683
1403
1464
1996
1996
683
1464
1773
2040
2040
297
297
306
306
354
354
527
527
886
886
909
2360
2360
909
1403
2604
3324
3433
3536
4106
4287
4324
4324
909
1699
2452
2452
909
1145
1699
1827
2893
2893
909
1145
1699
1827
3324
3433
4287
4749
5404
5566
6743
7180
7842
7842
909
1403
2950
2950
1699
2323
2323
2716
2716
2645
2645
3184
3184
3374
3374
3694
3694
2394
2394
509
924
2628
3045
3045
509
924
2628
3425
3425
2473
2550
2550
63
2887
3537
3921
3939
3939
4202
4202
2473
4629
4629
2473
4772
5728
5728
2887
5652
5652
3502
3502
871
1663
1931
1945
3756
3921
3945
3945
871
1663
1931
3756
3921
5592
5693
6584
6584
871
1931
1945
2838
3918
4277
4277
1464
1773
1945
2838
3010
3909
3909
683
1464
1773
2410
2410
683
1403
1464
1773
2604
2762
3536
3917
5221
5221
909
1403
2604
2724
2724
2744
2744
509
1699
2802
2802
509
3075
3075
509
1699
2628
3549
3898
4423
4423
509
1699
2628
5353
5353
509
1699
2628
6030
6030
509
2628
3931
3931
5961
5961
6294
6294
2473
4772
6508
6508
509
924
2628
4772
5778
6822
6925
7002
7002
924
2473
4772
5778
6364
6364
571
1251
1639
2473
4739
5531
5777
7225
7225
1251
3328
4682
4739
4802
5531
5777
6992
6992
3328
4682
4739
4802
5531
5777
7718
7718
7342
7342
63
2473
2887
4436
7415
7415
63
871
1931
2887
3537
3756
3921
7448
7448
63
2887
3537
7603
7603
63
2473
2887
3537
7629
7629
63
571
1251
1639
2094
2473
2887
3681
4436
7689
7820
7856
7856
2473
2887
7741
7741
7615
7615
871
1663
1931
3537
3756
3921
5592
5693
7312
7312
871
1663
1931
1945
3918
4437
5592
5693
6432
7597
7726
7726
871
1931
1945
4437
5592
5693
6231
6231
1464
1773
1945
2838
3010
4390
4437
6138
6432
7176
7176
683
1464
1773
5595
6304
6304
509
6668
6668
509
6669
6669
5595
6890
6890
683
1403
1464
2604
2762
3536
3917
5595
5993
7964
7964
909
1403
2604
3324
3433
3536
4106
4287
5566
5993
7180
7744
7744
509
7466
7466
509
2628
4772
7598
7598
7598
7598
7597
6432
7597
7824
7963
7824
7689
7689
7718
7820
7598
4772
6822
6925
7598
6925
7598
6689
6822
6925
7598
5404
6689
6925
7598
6925
7598
3324
3536
5566
7180
5595
5993
2838
3010
3917
4390
5595
6138
3918
4390
4437
6138
6432
7597
4390
4437
5592
5693
6432
7597
7824
4437
5592
5693
6432
7597
7824
4772
4436
7689
4772
4772
5778
6822
6925
7598
4772
7598
4772
7598
5566
3324
3433
3536
4106
4287
5566
5993
7180
3324
3433
3549
3898
4287
5404
5566
6689
6743
3324
3433
4106
4287
5566
7180
5566
5993
7180
3324
3433
3536
4106
4287
5566
7180
909
1699
3324
3433
3536
4106
4287
5566
7180
909
1403
2604
3324
3433
3536
4106
4287
5566
5993
7180
909
1699
3324
5404
5566
909
1699
3324
3433
4287
5566
7180
683
1403
1464
2604
2762
3536
5595
5993
7180
2838
3917
4390
5595
6138
2604
5595
1464
1773
5595
4437
6432
7597
2838
3010
3918
4390
4437
5592
5693
6432
7597
1931
1945
4437
5592
5693
6432
7597
1931
1945
3918
4437
5592
5693
6432
7597
1931
3537
3756
3921
7824
2887
3537
3756
3921
7824
2473
2887
2473
4772
5778
4739
5531
5777
5778
7203
7718
7820
7203
7718
7875
7718
6419
6419
815
930
1185
1841
1861
2073
2250
3398
4356
4706
5399
6497
6721
6721
815
930
1841
1861
2073
2250
3398
4356
4706
5399
6497
7506
7534
7539
7569
7905
7506
7534
7569
7905
6497
7534
6497
7506
7534
7539
7905
6497
7718
4356
4682
4706
5399
6497
7506
7534
7905
3398
4356
4682
4706
5399
6497
7506
7534
7905
3328
4682
4739
4802
5531
5777
7718
7820
4682
4739
4802
5531
5777
7203
7718
3328
4682
4739
5531
5777
7718
7820
4682
4706
4739
6497
7718
7820
7963
2378
2846
3328
4682
4739
4802
5094
5531
5777
7203
7718
2250
2378
2800
2846
3328
4682
4802
5038
7539
7539
2800
2846
3328
4802
5038
7539
2378
2800
2846
5038
1615
4259
5094
3242
3688
4259
7932
1615
2378
2846
4259
5038
5094
4259
5038
1181
1841
2250
7539
1181
1841
7539
1181
7416
942
5164
7416
2494
2515
5164
5819
5856
6560
7416
5164
7416
2694
3900
6315
2694
2900
2694
3801
5307
5579
6568
7003
3801
5307
5579
6568
7003
1411
2694
4931
5428
2694
3900
6315
2694
2900
7355
2900
408
2617
3801
5307
5579
6568
7003
2617
3801
1887
2571
4406
4406
6170
3710
4406
6000
6170
7438
1474
3710
4406
6170
3919
4406
6170
7438
7838
2981
3919
7838
2981
4733
954
1103
2597
3557
3912
4733
2597
3557
4733
5844
5844
5844
5923
3867
3942
5089
5238
5923
7276
1333
3867
3942
5238
5366
5844
5923
7276
5923
5659
5844
5923
5659
5659
5134
5659
3492
5134
2720
6485
6989
7732
7936
6485
6989
7732
2907
2184
2184
2907
1414
2184
2907
1414
2184
2907
2184
4045
2528
4045
5241
7114
7961
2233
2528
4045
7114
7406
7961
6769
7114
7660
7961
1686
2233
7660
7961
2907
6252
1636
3153
7181
4658
5629
6089
6086
4658
5629
6089
7390
2548
3625
5472
6719
3625
6719
2198
2274
2316
6086
6152
6435
7504
7583
5629
6086
6089
6152
7504
4658
4866
5629
6089
4658
3153
4658
7181
4658
3153
4658
7181
3153
7181
1202
1308
1530
1636
3153
7181
1202
1308
1530
1636
3153
7181
1530
1636
3153
4658
7181
1522
1855
4658
1530
1636
5960
5097
6176
6086
6152
6435
7504
7583
1294
1603
1294
1603
5097
1294
1603
1929
7390
1603
1929
7390
1603
1929
2548
3625
6719
7390
3625
7390
755
2198
2274
2316
6086
6152
6435
7504
7583
2198
2316
3625
4810
5472
6435
6719
755
2198
2274
2316
6086
6152
6435
7504
7583
1321
1522
1855
4866
5629
6086
6089
6152
755
1321
2274
2316
4866
5629
6086
6089
6152
7504
7583
1321
1522
1855
4658
4866
5629
6089
1855
5960
5960
1686
1961
2233
3089
3595
4922
6769
7660
1686
1961
2233
3089
6769
7114
7406
7660
7961
1686
1961
2233
3089
3595
4189
4922
6674
6769
7114
7660
7961
1686
1961
2233
3089
3595
4922
6769
7660
7961
2648
3595
4922
5960
5960
5960
1414
4729
5800
6989
4729
5800
5824
6252
6989
7732
6485
6989
7732
1593
4729
5800
5824
6252
6989
7732
6485
6989
7732
5800
6252
2717
2748
5324
6236
6485
7936
1593
2717
2748
5089
5324
6236
6485
7536
7936
1129
2748
5089
5324
6236
6485
7536
7936
2720
3541
4125
4558
6519
6803
6868
7054
2720
3492
3920
5134
5809
3492
3920
5134
5809
3492
3920
5134
5809
3920
5809
6522
3920
6522
2541
2541
2541
3944
2541
3944
992
992
4580
6169
6929
2156
2698
3565
4288
4580
5885
6169
6465
7048
198
2156
4288
4580
5885
6169
6929
7758
7758
7758
7355
7355
7355
7910
