96
35
251
333
333
35
251
748
1610
2837
3409
3519
3738
3881
3881
35
251
748
1610
2837
3409
3519
3738
4357
4357
18
35
78
108
251
1716
2440
2818
3409
3519
3629
4472
4590
5006
5463
6029
6077
6415
6415
35
251
748
2440
3409
3519
3738
4472
4590
4795
5006
5463
5628
6029
6077
6610
7139
7257
7257
35
108
251
748
3409
3519
3629
3738
4590
5006
5463
5628
5861
6029
6610
7139
7939
7939
7139
7939
4590
4768
5006
5463
5628
5861
6610
7939
4590
4768
5006
5463
5628
5861
6610
7939
748
2440
2837
3409
3519
3738
4472
4590
5006
5463
5628
6029
6077
6610
7139
